38.988732 -76.936603 93.2 93.1 92.9 91.3 89.0 93.4 93.0 90.9 91.3 91.9 
38.988600 -76.936581 93.4 92.9 92.3 92.2 92.6 93.8 94.1 93.2 93.2 92.8
38.988601 -76.936582 80.5 78.5 77.5 78.5 84.1 81.4 80.7 75.9 80.1 87.1
38.987993 -76.936363 52.3 65.2 66.8 64.2 58.9 60.4 65.2 43.8 61.8 60.6
38.987991 -76.936365 49.9 79.8 78.8 79.8 78.5 80.7 82.1 83.9 78.6 76.4
38.987991 -76.936364 69.2 60.6 66.6 62.3 62.7 66.8 62.3 66.6 62.1 64.2
38.98746 -76.93596 54.4 55.4 55.6 58.5 63.2 63.1 58.6 62.5 65.5 58.6
38.98774 -76.93608 93.5 93.8 91.0 89.5 85.0 86.8 91.2 91.5 90.2 91.2
38.98723 -76.93639 36.7 44.6 18.8 .00  50.0 77.5 54.7 74.2 77.8 77.0
38.98739 -76.93614 76.1 75.1 82.5 71.9 74.9 61.7 37.7 66.3 67.2 70.2
38.98730 -76.93625 59.4 64.3 60.0 65.7 71.1 68.3 66.4 60.4 61.2 57.4
38.98781 -76.93683 60.6 60.3 61.4 53.4 65.5 54.7 31.4 60.7 63.0 59.3
38.98755 -76.93634 27.1 36.7 35.8 40.5 56.2 59.7 55.4 58.5 43.3 34.3
